function altitude=Altitude
altitude.height=1000.*[-1,0,1,2,3,4,5,6,7,8,9,10,15,20,25,30,40,50,60,70,80];
% m
altitude.gravity=[9.81,9.807,9.804,9.801,9.797,9.794,9.791,9.788,9.785,...
                  9.782,9.779,9.776,9.761,9.745,9.73,9.715,9.684,9.654,...
                  9.624,9.594,9.564];
% m/s2
altitude.density=[1.347,1.225,1.112,1.007,0.9093,0.8194,0.7364,0.6601,...
                  0.59,0.5258,0.4671,0.4135,0.1948,0.08891,0.04008,...
                  0.01841,3.996e-3,1.027e-3,3.097e-4,8.283e-5,1.846e-5];
% kg/m3
altitude.viscosity=[1.821,1.789,1.758,1.726,1.694,1.661,1.628,1.595,...
                    1.561,1.527,1.493,1.458,1.422,1.422,1.448,1.475,...
                    1.601,1.704,1.584,1.438,1.321];
% kg/m s
end