A=[12,2,32;...
   52,21,20;];
B=[1,2,3;...
   1,19,2];

C=[A, B]